3 2 1 247 148 26 18 -1 -1 -1 -1 
3 2 2 230 88 12 8 -1 -1 -1 -1 
3 2 3 188 157 24 19 -1 -1 -1 -1 
3 2 4 229 171 30 22 -1 -1 -1 -1 
3 2 5 246 117 18 11 -1 -1 -1 -1 
3 2 9 192 63 8 5 -1 -1 -1 -1 
4 2 1 244 145 26 18 -1 -1 -1 -1 
4 2 2 230 86 11 9 -1 -1 -1 -1 
4 2 3 188 154 21 17 -1 -1 -1 -1 
4 2 4 227 168 28 21 -1 -1 -1 -1 
4 2 5 247 116 15 10 -1 -1 -1 -1 
4 2 9 193 62 10 6 -1 -1 -1 -1 
5 2 1 240 142 27 17 -1 -1 -1 -1 
5 2 2 228 84 13 11 -1 -1 -1 -1 
5 2 3 185 149 22 17 -1 -1 -1 -1 
5 2 4 225 164 25 19 -1 -1 -1 -1 
5 2 5 245 113 15 11 -1 -1 -1 -1 
5 2 9 194 62 9 5 -1 -1 -1 -1 
6 2 1 240 139 21 16 -1 -1 -1 -1 
6 2 2 228 84 13 9 -1 -1 -1 -1 
6 2 3 182 144 22 16 -1 -1 -1 -1 
6 2 4 219 158 25 18 -1 -1 -1 -1 
6 2 5 243 111 16 11 -1 -1 -1 -1 
6 2 9 195 62 8 4 -1 -1 -1 -1 
6 2 12 216 58 9 6 -1 -1 -1 -1 
6 2 13 205 65 9 6 -1 -1 -1 -1 
7 2 1 237 135 21 16 -1 -1 -1 -1 
7 2 2 229 83 10 8 -1 -1 -1 -1 
7 2 3 181 140 18 14 -1 -1 -1 -1 
7 2 4 216 152 23 18 -1 -1 -1 -1 
7 2 5 241 109 14 11 -1 -1 -1 -1 
7 2 12 218 58 7 5 -1 -1 -1 -1 
7 2 13 207 64 7 5 -1 -1 -1 -1 
8 2 1 235 132 20 15 -1 -1 -1 -1 
8 2 2 229 82 9 8 -1 -1 -1 -1 
8 2 3 179 135 18 14 -1 -1 -1 -1 
8 2 4 213 149 23 18 -1 -1 -1 -1 
8 2 5 238 106 17 13 -1 -1 -1 -1 
8 2 12 218 57 8 6 -1 -1 -1 -1 
8 2 13 207 63 8 6 -1 -1 -1 -1 
9 2 1 231 129 21 14 -1 -1 -1 -1 
9 2 2 227 81 12 9 -1 -1 -1 -1 
9 2 3 176 131 20 15 -1 -1 -1 -1 
9 2 4 209 144 24 17 -1 -1 -1 -1 
9 2 5 239 105 15 12 -1 -1 -1 -1 
9 2 13 207 62 10 7 -1 -1 -1 -1 
9 2 18 286 182 26 18 -1 -1 -1 -1 
9 2 20 202 186 31 22 -1 -1 -1 -1 
10 2 1 229 126 20 14 -1 -1 -1 -1 
10 2 2 226 80 13 8 -1 -1 -1 -1 
10 2 3 176 128 17 13 -1 -1 -1 -1 
10 2 4 208 140 20 16 -1 -1 -1 -1 
10 2 5 238 104 15 11 -1 -1 -1 -1 
10 2 13 208 62 8 6 -1 -1 -1 -1 
10 2 18 278 175 29 19 -1 -1 -1 -1 
10 2 20 196 178 30 21 -1 -1 -1 -1 
10 2 22 283 152 24 17 -1 -1 -1 -1 
10 2 23 191 64 8 5 -1 -1 -1 -1 
11 2 1 226 122 21 15 -1 -1 -1 -1 
11 2 2 228 79 9 7 -1 -1 -1 -1 
11 2 3 174 123 18 14 -1 -1 -1 -1 
11 2 4 205 136 22 17 -1 -1 -1 -1 
11 2 5 237 102 14 11 -1 -1 -1 -1 
11 2 12 210 62 6 6 -1 -1 -1 -1 
11 2 13 208 61 9 7 -1 -1 -1 -1 
11 2 18 276 170 25 17 -1 -1 -1 -1 
11 2 20 192 171 29 20 -1 -1 -1 -1 
11 2 22 277 147 27 16 -1 -1 -1 -1 
11 2 23 191 63 9 6 -1 -1 -1 -1 
12 2 1 226 120 17 13 -1 -1 -1 -1 
12 2 2 227 78 11 8 -1 -1 -1 -1 
12 2 3 174 120 17 13 -1 -1 -1 -1 
12 2 4 203 132 20 16 -1 -1 -1 -1 
12 2 5 237 101 11 9 -1 -1 -1 -1 
12 2 12 210 61 8 6 -1 -1 -1 -1 
12 2 18 269 165 24 17 -1 -1 -1 -1 
12 2 20 191 165 25 18 -1 -1 -1 -1 
12 2 22 273 144 26 15 -1 -1 -1 -1 
12 2 25 250 189 37 26 -1 -1 -1 -1 
13 2 1 222 117 19 14 -1 -1 -1 -1 
13 2 2 227 78 10 7 -1 -1 -1 -1 
13 2 3 173 117 16 12 -1 -1 -1 -1 
13 2 4 201 128 20 17 -1 -1 -1 -1 
13 2 5 236 98 11 10 -1 -1 -1 -1 
13 2 12 209 62 8 5 -1 -1 -1 -1 
13 2 18 263 159 26 18 -1 -1 -1 -1 
13 2 20 188 159 25 19 -1 -1 -1 -1 
13 7 22 271 141 22 13 -1 -1 -1 -1 
13 2 25 245 181 34 27 -1 -1 -1 -1 
14 2 1 223 115 17 13 -1 -1 -1 -1 
14 2 2 228 77 9 6 -1 -1 -1 -1 
14 2 3 174 115 14 10 -1 -1 -1 -1 
14 2 4 199 126 20 15 -1 -1 -1 -1 
14 2 5 234 98 13 10 -1 -1 -1 -1 
14 2 18 259 156 25 15 -1 -1 -1 -1 
14 2 20 185 153 23 18 -1 -1 -1 -1 
14 2 22 268 137 22 14 -1 -1 -1 -1 
14 2 25 239 174 34 27 -1 -1 -1 -1 
14 2 28 254 190 34 26 -1 -1 -1 -1 
15 2 1 221 112 17 14 -1 -1 -1 -1 
15 2 2 227 76 10 6 -1 -1 -1 -1 
15 2 3 172 112 15 11 -1 -1 -1 -1 
15 2 4 198 123 18 14 -1 -1 -1 -1 
15 2 5 233 97 13 9 -1 -1 -1 -1 
15 2 18 256 153 22 13 -1 -1 -1 -1 
15 2 20 181 148 24 17 -1 -1 -1 -1 
15 2 22 265 133 21 13 -1 -1 -1 -1 
15 2 25 234 168 33 25 -1 -1 -1 -1 
15 2 28 247 181 34 29 -1 -1 -1 -1 
16 2 1 219 111 18 12 -1 -1 -1 -1 
16 2 2 229 75 8 6 -1 -1 -1 -1 
16 2 3 172 110 14 9 -1 -1 -1 -1 
16 2 4 197 120 16 13 -1 -1 -1 -1 
16 2 5 233 96 11 7 -1 -1 -1 -1 
16 2 18 254 148 19 13 -1 -1 -1 -1 
16 2 20 180 145 21 15 -1 -1 -1 -1 
16 2 22 263 130 18 13 -1 -1 -1 -1 
16 2 25 231 163 28 23 -1 -1 -1 -1 
16 7 28 242 175 30 26 -1 -1 -1 -1 
16 2 30 243 174 30 28 -1 -1 -1 -1 
17 2 1 217 108 18 13 -1 -1 -1 -1 
17 2 2 228 73 10 7 -1 -1 -1 -1 
17 2 3 172 107 13 9 -1 -1 -1 -1 
17 2 4 195 117 18 14 -1 -1 -1 -1 
17 2 5 232 95 11 7 -1 -1 -1 -1 
17 2 12 208 55 9 6 -1 -1 -1 -1 
17 2 18 250 144 19 14 -1 -1 -1 -1 
17 2 20 177 139 22 16 -1 -1 -1 -1 
17 2 22 258 127 21 14 -1 -1 -1 -1 
17 2 25 225 158 30 22 -1 -1 -1 -1 
17 7 28 237 168 30 26 -1 -1 -1 -1 
17 2 30 237 168 30 26 -1 -1 -1 -1 
18 2 1 216 107 16 11 -1 -1 -1 -1 
18 2 2 229 74 8 5 -1 -1 -1 -1 
18 2 3 173 105 11 9 -1 -1 -1 -1 
18 2 4 194 115 17 12 -1 -1 -1 -1 
18 2 5 231 94 11 7 -1 -1 -1 -1 
18 2 12 208 55 8 5 -1 -1 -1 -1 
18 2 13 214 58 10 6 -1 -1 -1 -1 
18 2 18 246 140 20 15 -1 -1 -1 -1 
18 2 20 176 136 20 14 -1 -1 -1 -1 
18 2 22 255 124 20 13 -1 -1 -1 -1 
18 2 25 223 154 27 20 -1 -1 -1 -1 
18 7 28 232 162 29 25 -1 -1 -1 -1 
18 2 30 233 164 30 24 -1 -1 -1 -1 
19 2 1 216 105 15 11 -1 -1 -1 -1 
19 2 2 228 72 9 7 -1 -1 -1 -1 
19 5 3 171 102 13 9 -1 -1 -1 -1 
19 2 4 192 112 17 13 -1 -1 -1 -1 
19 2 5 229 92 12 8 -1 -1 -1 -1 
19 2 13 215 58 9 5 -1 -1 -1 -1 
19 2 18 242 136 21 14 -1 -1 -1 -1 
19 2 20 176 132 17 13 -1 -1 -1 -1 
19 2 22 255 122 16 12 -1 -1 -1 -1 
19 2 25 220 149 25 20 -1 -1 -1 -1 
19 7 30 228 159 28 22 -1 -1 -1 -1 
19 2 34 201 192 30 20 -1 -1 -1 -1 
20 2 1 215 102 15 12 -1 -1 -1 -1 
20 2 2 228 71 10 7 -1 -1 -1 -1 
20 5 3 170 98 13 10 -1 -1 -1 -1 
20 2 4 190 110 19 13 -1 -1 -1 -1 
20 2 5 231 91 10 7 -1 -1 -1 -1 
20 7 18 252 119 17 12 -1 -1 -1 -1 
20 2 20 174 128 18 14 -1 -1 -1 -1 
20 2 22 252 119 17 12 -1 -1 -1 -1 
20 2 25 216 144 25 20 -1 -1 -1 -1 
20 2 28 224 154 28 22 -1 -1 -1 -1 
20 7 30 225 153 25 22 -1 -1 -1 -1 
20 2 34 196 184 28 18 -1 -1 -1 -1 
20 2 35 273 175 32 22 -1 -1 -1 -1 
21 2 1 215 101 14 11 -1 -1 -1 -1 
21 2 2 229 70 10 7 -1 -1 -1 -1 
21 2 3 172 97 13 10 -1 -1 -1 -1 
21 2 4 191 107 16 13 -1 -1 -1 -1 
21 2 5 230 90 10 7 -1 -1 -1 -1 
21 7 18 249 112 18 13 -1 -1 -1 -1 
21 2 20 173 125 17 12 -1 -1 -1 -1 
21 2 22 250 116 15 12 -1 -1 -1 -1 
21 2 25 212 139 23 18 -1 -1 -1 -1 
21 7 28 222 149 24 20 -1 -1 -1 -1 
21 2 30 222 148 24 22 -1 -1 -1 -1 
21 2 34 191 176 29 19 -1 -1 -1 -1 
21 2 35 267 168 32 23 -1 -1 -1 -1 
22 2 1 212 99 16 12 -1 -1 -1 -1 
22 2 2 230 70 8 6 -1 -1 -1 -1 
22 2 3 173 96 10 8 -1 -1 -1 -1 
22 2 4 190 105 16 13 -1 -1 -1 -1 
22 2 5 230 88 9 7 -1 -1 -1 -1 
22 2 20 172 122 19 12 -1 -1 -1 -1 
22 2 22 247 114 17 12 -1 -1 -1 -1 
22 2 25 210 137 22 18 -1 -1 -1 -1 
22 7 28 218 145 24 20 -1 -1 -1 -1 
22 2 30 218 145 25 22 -1 -1 -1 -1 
22 2 34 190 169 24 17 -1 -1 -1 -1 
22 2 35 261 163 32 21 -1 -1 -1 -1 
22 2 38 233 127 20 14 -1 -1 -1 -1 
23 2 1 214 97 12 12 -1 -1 -1 -1 
23 2 2 230 69 8 6 -1 -1 -1 -1 
23 2 3 172 93 11 8 -1 -1 -1 -1 
23 2 4 190 103 15 12 -1 -1 -1 -1 
23 2 5 227 88 12 8 -1 -1 -1 -1 
23 2 20 170 118 19 12 -1 -1 -1 -1 
23 2 22 246 112 15 11 -1 -1 -1 -1 
23 2 25 208 134 20 18 -1 -1 -1 -1 
23 2 28 214 141 25 20 -1 -1 -1 -1 
23 2 30 215 141 23 20 -1 -1 -1 -1 
23 2 34 187 163 24 17 -1 -1 -1 -1 
23 2 35 256 159 31 21 -1 -1 -1 -1 
23 2 38 231 124 19 13 -1 -1 -1 -1 
24 2 1 212 95 14 12 -1 -1 -1 -1 
24 2 2 230 68 9 6 -1 -1 -1 -1 
24 2 4 191 102 12 10 -1 -1 -1 -1 
24 2 5 226 87 12 7 -1 -1 -1 -1 
24 2 20 169 115 19 13 -1 -1 -1 -1 
24 2 22 243 109 15 12 -1 -1 -1 -1 
24 2 25 207 129 20 18 -1 -1 -1 -1 
24 2 28 212 138 24 17 -1 -1 -1 -1 
24 7 30 211 136 26 20 -1 -1 -1 -1 
24 2 34 183 158 25 16 -1 -1 -1 -1 
24 2 35 253 153 28 21 -1 -1 -1 -1 
25 2 1 211 94 14 11 -1 -1 -1 -1 
25 2 2 230 67 10 8 -1 -1 -1 -1 
25 2 4 190 100 13 10 -1 -1 -1 -1 
25 2 5 229 85 9 7 -1 -1 -1 -1 
25 2 20 169 113 15 11 -1 -1 -1 -1 
25 2 22 242 108 15 10 -1 -1 -1 -1 
25 2 25 203 126 22 19 -1 -1 -1 -1 
25 2 28 209 134 22 15 -1 -1 -1 -1 
25 2 30 207 130 24 21 -1 -1 -1 -1 
25 2 34 182 153 21 14 -1 -1 -1 -1 
25 2 35 249 149 28 20 -1 -1 -1 -1 
26 2 1 211 93 13 10 -1 -1 -1 -1 
26 2 2 230 67 10 7 -1 -1 -1 -1 
26 2 4 189 97 14 11 -1 -1 -1 -1 
26 2 5 227 84 11 8 -1 -1 -1 -1 
26 2 20 168 110 17 11 -1 -1 -1 -1 
26 2 22 241 106 14 10 -1 -1 -1 -1 
26 2 25 203 123 20 11 -1 -1 -1 -1 
26 2 28 207 131 21 17 -1 -1 -1 -1 
26 2 30 203 122 21 21 -1 -1 -1 -1 
26 2 34 179 147 22 15 -1 -1 -1 -1 
26 2 35 247 145 25 19 -1 -1 -1 -1 
26 2 38 225 117 18 12 -1 -1 -1 -1 
27 5 1 210 92 14 10 -1 -1 -1 -1 
27 2 2 231 66 8 6 -1 -1 -1 -1 
27 2 4 188 95 14 11 -1 -1 -1 -1 
27 2 5 227 83 10 7 -1 -1 -1 -1 
27 2 12 237 52 7 4 -1 -1 -1 -1 
27 2 20 169 108 14 10 -1 -1 -1 -1 
27 2 22 239 104 16 10 -1 -1 -1 -1 
27 2 23 224 112 16 13 -1 -1 -1 -1 
27 2 25 204 120 14 8 -1 -1 -1 -1 
27 2 28 206 128 21 18 -1 -1 -1 -1 
27 2 30 199 117 20 20 -1 -1 -1 -1 
27 2 34 176 143 22 14 -1 -1 -1 -1 
27 2 35 242 142 25 18 -1 -1 -1 -1 
27 2 38 224 115 16 11 -1 -1 -1 -1 
28 2 1 209 90 14 10 -1 -1 -1 -1 
28 2 2 231 66 10 7 -1 -1 -1 -1 
28 2 4 188 95 13 9 -1 -1 -1 -1 
28 2 5 227 82 10 7 -1 -1 -1 -1 
28 2 12 238 51 8 5 -1 -1 -1 -1 
28 2 20 168 105 16 11 -1 -1 -1 -1 
28 2 22 239 102 14 10 -1 -1 -1 -1 
28 2 23 224 111 15 13 -1 -1 -1 -1 
28 2 25 203 116 10 6 -1 -1 -1 -1 
28 2 28 204 124 19 17 -1 -1 -1 -1 
28 2 34 176 138 19 14 -1 -1 -1 -1 
28 2 35 240 139 22 17 -1 -1 -1 -1 
29 2 1 208 88 16 11 -1 -1 -1 -1 
29 2 2 231 65 10 7 -1 -1 -1 -1 
29 2 4 189 93 11 9 -1 -1 -1 -1 
29 2 5 227 80 11 8 -1 -1 -1 -1 
29 2 20 169 104 13 9 -1 -1 -1 -1 
29 2 22 237 99 13 11 -1 -1 -1 -1 
29 2 23 222 111 16 11 -1 -1 -1 -1 
29 2 28 202 121 21 17 -1 -1 -1 -1 
29 2 34 174 134 19 14 -1 -1 -1 -1 
29 2 35 237 136 22 17 -1 -1 -1 -1 
29 2 43 287 158 26 19 -1 -1 -1 -1 
29 2 44 15 97 15 10 -1 -1 -1 -1 
30 2 1 209 88 13 9 -1 -1 -1 -1 
30 2 2 233 65 7 6 -1 -1 -1 -1 
30 2 4 188 90 11 10 -1 -1 -1 -1 
30 2 5 227 80 11 7 -1 -1 -1 -1 
30 2 20 167 100 14 10 -1 -1 -1 -1 
30 2 22 238 98 10 9 -1 -1 -1 -1 
30 2 23 223 114 17 10 -1 -1 -1 -1 
30 2 28 200 119 20 16 -1 -1 -1 -1 
30 2 34 173 130 18 13 -1 -1 -1 -1 
30 2 35 233 132 23 16 -1 -1 -1 -1 
30 2 43 281 153 24 17 -1 -1 -1 -1 
30 2 44 14 99 13 8 -1 -1 -1 -1 
31 2 1 209 86 14 10 -1 -1 -1 -1 
31 2 2 234 64 6 6 -1 -1 -1 -1 
31 2 5 227 80 9 6 -1 -1 -1 -1 
31 2 22 236 97 12 9 -1 -1 -1 -1 
31 7 28 197 114 20 16 -1 -1 -1 -1 
31 2 34 171 126 19 14 -1 -1 -1 -1 
31 2 35 232 130 19 15 -1 -1 -1 -1 
31 2 43 276 149 25 16 -1 -1 -1 -1 
31 2 44 10 100 11 9 -1 -1 -1 -1 
31 2 46 240 50 8 5 -1 -1 -1 -1 
32 2 1 207 85 16 10 -1 -1 -1 -1 
32 2 2 233 63 9 7 -1 -1 -1 -1 
32 2 5 227 79 10 6 -1 -1 -1 -1 
32 2 20 169 97 13 8 -1 -1 -1 -1 
32 2 22 234 96 14 9 -1 -1 -1 -1 
32 2 28 197 114 18 15 -1 -1 -1 -1 
32 2 34 170 123 19 13 -1 -1 -1 -1 
32 2 35 230 126 20 16 -1 -1 -1 -1 
32 2 43 273 145 21 15 -1 -1 -1 -1 
32 2 44 7 102 10 7 -1 -1 -1 -1 
32 2 46 241 50 7 4 -1 -1 -1 -1 
33 2 1 206 84 16 9 -1 -1 -1 -1 
33 2 2 234 63 9 6 -1 -1 -1 -1 
33 2 5 226 77 11 7 -1 -1 -1 -1 
33 2 20 168 94 13 8 -1 -1 -1 -1 
33 2 22 234 94 12 9 -1 -1 -1 -1 
33 7 28 195 111 18 14 -1 -1 -1 -1 
33 2 34 170 121 17 11 -1 -1 -1 -1 
33 2 35 228 124 17 14 -1 -1 -1 -1 
33 2 38 218 104 13 8 -1 -1 -1 -1 
33 2 43 268 141 21 14 -1 -1 -1 -1 
34 2 2 235 63 8 5 -1 -1 -1 -1 
34 2 3 217 103 13 8 -1 -1 -1 -1 
34 2 13 235 63 8 5 -1 -1 -1 -1 
34 2 20 170 93 13 9 -1 -1 -1 -1 
34 2 22 233 93 12 9 -1 -1 -1 -1 
34 7 28 194 105 18 17 -1 -1 -1 -1 
34 2 34 168 117 18 12 -1 -1 -1 -1 
34 2 35 226 120 17 15 -1 -1 -1 -1 
34 2 38 216 101 14 9 -1 -1 -1 -1 
35 2 1 208 82 13 8 -1 -1 -1 -1 
35 2 2 235 62 10 6 -1 -1 -1 -1 
35 2 3 219 103 15 9 -1 -1 -1 -1 
35 2 13 236 63 9 6 -1 -1 -1 -1 
35 2 20 171 92 11 8 -1 -1 -1 -1 
35 2 22 231 91 14 10 -1 -1 -1 -1 
35 2 23 215 99 15 11 -1 -1 -1 -1 
35 5 28 192 102 19 18 -1 -1 -1 -1 
35 2 34 168 115 16 10 -1 -1 -1 -1 
35 2 35 224 118 16 14 -1 -1 -1 -1 
35 2 43 260 133 21 14 -1 -1 -1 -1 
35 7 52 192 103 18 18 -1 -1 -1 -1 
36 5 1 208 81 13 8 -1 -1 -1 -1 
36 2 2 236 62 9 5 -1 -1 -1 -1 
36 2 20 170 89 12 9 -1 -1 -1 -1 
36 2 22 231 90 12 9 -1 -1 -1 -1 
36 2 23 214 98 15 10 -1 -1 -1 -1 
36 5 28 191 100 20 18 -1 -1 -1 -1 
36 2 34 168 112 15 10 -1 -1 -1 -1 
36 2 35 223 115 16 14 -1 -1 -1 -1 
36 2 43 259 131 17 12 -1 -1 -1 -1 
37 2 1 208 80 12 8 -1 -1 -1 -1 
37 2 2 237 62 7 4 -1 -1 -1 -1 
37 2 22 232 89 10 8 -1 -1 -1 -1 
37 2 23 215 97 13 9 -1 -1 -1 -1 
37 5 28 191 98 18 18 -1 -1 -1 -1 
37 2 34 167 109 17 11 -1 -1 -1 -1 
37 2 35 220 113 18 13 -1 -1 -1 -1 
37 2 43 255 127 18 13 -1 -1 -1 -1 
37 7 52 191 100 18 17 -1 -1 -1 -1 
38 2 1 208 78 12 9 -1 -1 -1 -1 
38 2 2 237 61 8 5 -1 -1 -1 -1 
38 2 22 231 87 10 8 -1 -1 -1 -1 
38 2 23 214 96 13 8 -1 -1 -1 -1 
38 7 28 190 97 18 17 -1 -1 -1 -1 
38 2 34 167 107 16 10 -1 -1 -1 -1 
38 2 35 218 112 17 12 -1 -1 -1 -1 
38 2 43 253 124 17 12 -1 -1 -1 -1 
38 5 52 191 97 18 17 -1 -1 -1 -1 
39 2 1 208 77 13 10 -1 -1 -1 -1 
39 2 2 239 61 7 4 -1 -1 -1 -1 
39 2 5 215 95 9 7 -1 -1 -1 -1 
39 2 22 229 85 11 9 -1 -1 -1 -1 
39 2 23 214 97 12 6 -1 -1 -1 -1 
39 5 28 191 96 17 16 -1 -1 -1 -1 
39 2 34 168 104 13 9 -1 -1 -1 -1 
39 2 35 218 109 15 12 -1 -1 -1 -1 
40 2 1 208 76 12 10 -1 -1 -1 -1 
40 2 2 239 60 7 5 -1 -1 -1 -1 
40 2 5 213 96 10 8 -1 -1 -1 -1 
40 5 28 190 94 17 15 -1 -1 -1 -1 
40 2 34 167 100 13 10 -1 -1 -1 -1 
40 2 35 216 107 15 12 -1 -1 -1 -1 
40 2 43 247 119 17 11 -1 -1 -1 -1 
41 2 1 208 75 11 9 -1 -1 -1 -1 
41 2 2 239 59 9 6 -1 -1 -1 -1 
41 2 3 215 89 9 10 -1 -1 -1 -1 
41 2 22 229 84 12 9 -1 -1 -1 -1 
41 5 28 191 93 15 14 -1 -1 -1 -1 
41 2 35 215 105 15 12 -1 -1 -1 -1 
41 2 43 244 116 18 12 -1 -1 -1 -1 
41 2 58 0 113 12 10 -1 -1 -1 -1 
42 2 2 239 59 9 6 -1 -1 -1 -1 
42 2 3 216 88 10 11 -1 -1 -1 -1 
42 2 5 191 76 10 8 -1 -1 -1 -1 
42 2 13 215 91 8 6 -1 -1 -1 -1 
42 2 22 230 84 9 7 -1 -1 -1 -1 
42 5 28 190 91 15 15 -1 -1 -1 -1 
42 2 34 168 99 13 8 -1 -1 -1 -1 
42 2 35 213 102 16 13 -1 -1 -1 -1 
43 2 2 240 59 8 5 -1 -1 -1 -1 
43 2 5 188 75 9 8 -1 -1 -1 -1 
43 2 12 241 59 7 5 -1 -1 -1 -1 
43 2 13 214 89 10 8 -1 -1 -1 -1 
43 2 22 229 82 10 8 -1 -1 -1 -1 
43 5 28 191 90 14 13 -1 -1 -1 -1 
43 2 34 167 94 14 10 -1 -1 -1 -1 
43 2 35 213 101 14 11 -1 -1 -1 -1 
44 2 1 213 87 11 9 -1 -1 -1 -1 
44 2 12 240 57 9 7 -1 -1 -1 -1 
44 2 13 214 92 9 7 -1 -1 -1 -1 
44 2 22 229 81 9 7 -1 -1 -1 -1 
44 5 28 190 87 14 14 -1 -1 -1 -1 
44 2 34 167 94 15 9 -1 -1 -1 -1 
44 2 35 211 100 16 11 -1 -1 -1 -1 
44 2 43 239 110 15 9 -1 -1 -1 -1 
44 5 52 190 88 14 15 -1 -1 -1 -1 
45 2 1 228 80 11 8 -1 -1 -1 -1 
45 2 4 211 98 13 10 -1 -1 -1 -1 
45 2 5 186 65 11 8 -1 -1 -1 -1 
45 2 12 241 58 9 6 -1 -1 -1 -1 
45 5 20 191 88 14 11 -1 -1 -1 -1 
45 2 22 228 79 10 8 -1 -1 -1 -1 
45 2 34 168 93 13 8 -1 -1 -1 -1 
45 5 35 211 97 13 11 -1 -1 -1 -1 
45 2 43 238 109 17 9 -1 -1 -1 -1 
45 2 52 190 87 15 12 -1 -1 -1 -1 
46 2 1 230 80 10 7 -1 -1 -1 -1 
46 2 2 242 58 9 5 -1 -1 -1 -1 
46 5 4 208 96 16 11 -1 -1 -1 -1 
46 2 5 187 65 10 7 -1 -1 -1 -1 
46 2 12 242 59 8 5 -1 -1 -1 -1 
46 5 20 192 87 15 12 -1 -1 -1 -1 
46 2 22 228 79 10 7 -1 -1 -1 -1 
46 2 34 168 91 12 7 -1 -1 -1 -1 
46 2 35 208 96 16 11 -1 -1 -1 -1 
46 2 43 238 107 13 7 -1 -1 -1 -1 
46 2 52 191 87 12 10 -1 -1 -1 -1 
47 2 1 229 79 9 7 -1 -1 -1 -1 
47 2 2 243 58 8 4 -1 -1 -1 -1 
47 2 3 208 94 15 12 -1 -1 -1 -1 
47 5 4 209 96 16 11 -1 -1 -1 -1 
47 2 5 188 64 10 7 -1 -1 -1 -1 
47 2 22 212 70 10 8 -1 -1 -1 -1 
47 2 35 207 94 15 10 -1 -1 -1 -1 
47 2 43 236 102 14 10 -1 -1 -1 -1 
48 2 1 228 77 11 8 -1 -1 -1 -1 
48 2 3 208 93 14 11 -1 -1 -1 -1 
48 2 5 191 64 8 5 -1 -1 -1 -1 
48 2 12 244 58 8 5 -1 -1 -1 -1 
48 2 13 214 82 10 8 -1 -1 -1 -1 
48 2 22 209 67 11 9 -1 -1 -1 -1 
48 2 43 234 100 17 11 -1 -1 -1 -1 
48 2 62 260 163 28 18 -1 -1 -1 -1 
49 2 1 228 78 11 7 -1 -1 -1 -1 
49 2 3 207 93 16 12 -1 -1 -1 -1 
49 2 5 192 64 8 5 -1 -1 -1 -1 
49 2 12 245 58 7 5 -1 -1 -1 -1 
49 2 13 214 82 9 7 -1 -1 -1 -1 
49 2 22 211 68 13 9 -1 -1 -1 -1 
49 2 23 232 68 8 4 -1 -1 -1 -1 
49 2 35 208 92 13 9 -1 -1 -1 -1 
49 2 43 232 100 16 9 -1 -1 -1 -1 
50 2 1 228 78 10 6 -1 -1 -1 -1 
50 2 2 247 56 7 4 -1 -1 -1 -1 
50 2 5 190 62 9 6 -1 -1 -1 -1 
50 2 13 212 81 11 8 -1 -1 -1 -1 
50 2 22 210 67 12 8 -1 -1 -1 -1 
50 2 23 233 65 8 5 -1 -1 -1 -1 
50 2 35 207 91 14 9 -1 -1 -1 -1 
50 2 43 232 97 15 9 -1 -1 -1 -1 
51 2 1 230 78 8 5 -1 -1 -1 -1 
51 2 2 246 55 9 5 -1 -1 -1 -1 
51 2 13 213 79 10 7 -1 -1 -1 -1 
51 2 20 190 80 15 12 -1 -1 -1 -1 
51 2 35 206 89 14 10 -1 -1 -1 -1 
51 2 43 231 96 13 9 -1 -1 -1 -1 
51 2 62 248 150 24 16 -1 -1 -1 -1 
52 2 2 246 55 9 6 -1 -1 -1 -1 
52 2 13 212 79 11 7 -1 -1 -1 -1 
52 2 20 191 79 14 12 -1 -1 -1 -1 
52 2 22 213 67 12 8 -1 -1 -1 -1 
52 2 35 207 88 11 9 -1 -1 -1 -1 
52 2 43 230 95 14 9 -1 -1 -1 -1 
52 7 62 244 146 25 16 -1 -1 -1 -1 
53 2 1 216 55 8 4 -1 -1 -1 -1 
53 2 2 247 55 8 6 -1 -1 -1 -1 
53 2 12 216 67 8 6 -1 -1 -1 -1 
53 2 13 213 78 10 7 -1 -1 -1 -1 
53 2 20 191 77 15 12 -1 -1 -1 -1 
53 2 22 212 66 11 7 -1 -1 -1 -1 
53 2 34 207 88 11 7 -1 -1 -1 -1 
53 2 35 205 86 12 10 -1 -1 -1 -1 
53 2 43 231 93 10 8 -1 -1 -1 -1 
53 2 62 241 142 23 15 -1 -1 -1 -1 
